20 1 4 51
20 1 4 102
20 1 4 189
20 1 4 204
20 1 4 219
20 1 4 594
20 1 4 595
20 1 4 598
20 1 4 816
20 1 4 850
20 1 4 854
20 1 4 924
20 1 4 1188
20 1 4 1190
20 1 4 1196
20 1 4 1618
20 1 4 1619
20 1 4 1632
20 1 4 1686
20 1 4 1700
20 1 4 1708
20 1 4 3024
20 1 4 3219
20 1 4 3236
20 1 4 3238
20 1 4 3264
20 1 4 3504
20 1 4 6028
20 1 4 9504
20 1 4 9520
20 1 4 9554
20 1 4 9568
20 1 4 9622
20 1 4 9636
20 1 4 9644
20 1 4 12579
20 1 4 12614
20 1 4 12776
20 1 4 12819
20 1 4 12972
20 1 4 13056
20 1 4 13600
20 1 4 13644
20 1 4 13664
20 1 4 13732
20 1 4 13740
20 1 4 14784
20 1 4 19008
20 1 4 19026
20 1 4 19027
20 1 4 19040
20 1 4 19094
20 1 4 19108
20 1 4 19136
20 1 4 25158
20 1 4 25228
20 1 4 25619
20 1 4 25638
20 1 4 25888
20 1 4 25904
20 1 4 26112
20 1 4 26962
20 1 4 26976
20 1 4 27030
20 1 4 27044
20 1 4 27200
20 1 4 27328
20 1 4 36371
20 1 4 48384
20 1 4 50259
20 1 4 50316
20 1 4 51238
20 1 4 51276
20 1 4 51313
20 1 4 51504
20 1 4 51747
20 1 4 51776
20 1 4 51794
20 1 4 51795
20 1 4 51808
20 1 4 52224
20 1 4 56064
